316 | 14408236375
   212 | 15866250624
   166 | 13132217876
   162 | 13139482508
   151 | 13136755346
   142 | 13134084343
   142 | 17735598940
   127 | 12488456001
   120 | 12193239367
   116 | 17736034301
   115 | 17065899104
   105 | 17736278469
   105 | 17738670009
   101 | 12482106509
   100 | 17738140371
    99 | 13312296053
    88 | 12166327335
    88 | 14197871624
    85 | 17085067655
    85 | 17737598927
    83 | 14193517321
    80 | 13137405418
    79 | 13135395251
    78 | 12163798653
    75 | 12244249735
    75 | 13133678541
    74 | 15864224041
    73 | 12197897278
    73 | 12165438281
    72 | 12167043205
    71 | 13137185374
    70 | 13139200248
    69 | 14192155717
    68 | 14406239148
    67 | 12194272948
    66 | 17083749543
    64 | 15866046291
    63 | 12195120530
    62 | 13134638105
    62 | 12168552292
    61 | 13129184329